-3.310574308110702191e+01 -8.142977850816595264e+01 -1.435304896671084407e+00
-3.310574308110702191e+01 -8.142977850816595264e+01 -4.353048966710844070e-01
-3.410574308110702191e+01 -8.042977850816595264e+01 -2.435304896671084407e+00
-3.410574308110702191e+01 -8.042977850816595264e+01 1.564695103328915593e+00
1.589425691889297809e+01 -8.042977850816595264e+01 -3.243530489667108441e+01
1.989425691889297809e+01 -8.042977850816595264e+01 -3.043530489667108441e+01
2.189425691889297809e+01 -8.042977850816595264e+01 -3.243530489667108441e+01
-1.210574308110702191e+01 -7.942977850816595264e+01 5.646951033289155930e-01
2.389425691889297809e+01 -7.842977850816595264e+01 -3.443530489667108441e+01
2.589425691889297809e+01 -7.642977850816595264e+01 -3.443530489667108441e+01
2.189425691889297809e+01 -7.442977850816595264e+01 -3.435304896671084407e+00
-6.105743081107021908e+00 -7.042977850816595264e+01 -5.343530489667108441e+01
3.089425691889297809e+01 -6.942977850816595264e+01 3.564695103328915593e+00
-1.510574308110702191e+01 -6.842977850816595264e+01 -5.043530489667108441e+01
-1.410574308110702191e+01 -6.842977850816595264e+01 -5.143530489667108441e+01
1.989425691889297809e+01 -6.442977850816595264e+01 3.656469510332891559e+01
-2.210574308110702191e+01 -5.942977850816595264e+01 -6.443530489667108441e+01
-2.110574308110702191e+01 -5.842977850816595264e+01 -6.643530489667108441e+01
-1.610574308110702191e+01 -5.842977850816595264e+01 5.456469510332891559e+01
-1.510574308110702191e+01 -5.842977850816595264e+01 5.456469510332891559e+01
-4.610574308110702191e+01 -5.742977850816595264e+01 2.456469510332891559e+01
-2.510574308110702191e+01 -5.642977850816595264e+01 -6.443530489667108441e+01
-2.410574308110702191e+01 -5.642977850816595264e+01 -6.643530489667108441e+01
-2.110574308110702191e+01 -5.642977850816595264e+01 -6.843530489667108441e+01
-2.010574308110702191e+01 -5.642977850816595264e+01 -6.843530489667108441e+01
-2.410574308110702191e+01 -5.442977850816595264e+01 -6.843530489667108441e+01
-2.010574308110702191e+01 -5.442977850816595264e+01 -6.943530489667108441e+01
3.589425691889297809e+01 -5.442977850816595264e+01 -6.143530489667108441e+01
3.689425691889297809e+01 -5.342977850816595264e+01 -6.143530489667108441e+01
-2.610574308110702191e+01 -5.242977850816595264e+01 6.556469510332891559e+01
-2.310574308110702191e+01 -5.242977850816595264e+01 -7.043530489667108441e+01
-2.210574308110702191e+01 -5.242977850816595264e+01 -7.043530489667108441e+01
3.489425691889297809e+01 -5.242977850816595264e+01 -6.543530489667108441e+01
3.589425691889297809e+01 -5.142977850816595264e+01 -6.643530489667108441e+01
3.689425691889297809e+01 -5.142977850816595264e+01 -6.543530489667108441e+01
-3.110574308110702191e+01 -5.042977850816595264e+01 6.356469510332891559e+01
-2.910574308110702191e+01 -5.042977850816595264e+01 6.656469510332891559e+01
-2.610574308110702191e+01 -5.042977850816595264e+01 6.956469510332891559e+01
3.789425691889297809e+01 -5.042977850816595264e+01 -6.543530489667108441e+01
-3.010574308110702191e+01 -4.942977850816595264e+01 6.656469510332891559e+01
-2.610574308110702191e+01 -4.842977850816595264e+01 7.056469510332891559e+01
3.889425691889297809e+01 -4.842977850816595264e+01 -6.643530489667108441e+01
-3.010574308110702191e+01 -4.742977850816595264e+01 6.856469510332891559e+01
-2.710574308110702191e+01 -4.642977850816595264e+01 7.056469510332891559e+01
-2.510574308110702191e+01 -4.642977850816595264e+01 7.156469510332891559e+01
-6.105743081107021908e+00 -4.642977850816595264e+01 7.256469510332891559e+01
4.189425691889297809e+01 -4.442977850816595264e+01 -6.443530489667108441e+01
-4.105743081107021908e+00 -4.342977850816595264e+01 7.456469510332891559e+01
-2.110574308110702191e+01 -4.242977850816595264e+01 -7.143530489667108441e+01
7.689425691889297809e+01 -4.242977850816595264e+01 1.656469510332891559e+01
7.689425691889297809e+01 -4.242977850816595264e+01 1.756469510332891559e+01
-1.057430811070219079e-01 -4.042977850816595264e+01 7.456469510332891559e+01
3.289425691889297809e+01 -4.042977850816595264e+01 6.356469510332891559e+01
3.489425691889297809e+01 -4.042977850816595264e+01 6.256469510332891559e+01
4.289425691889297809e+01 -4.042977850816595264e+01 -6.443530489667108441e+01
-5.410574308110702191e+01 -3.942977850816595264e+01 2.856469510332891559e+01
-5.410574308110702191e+01 -3.942977850816595264e+01 2.956469510332891559e+01
8.942569188929780921e-01 -3.942977850816595264e+01 7.456469510332891559e+01
-3.210574308110702191e+01 -3.842977850816595264e+01 -6.843530489667108441e+01
-1.710574308110702191e+01 -3.842977850816595264e+01 -7.243530489667108441e+01
7.789425691889297809e+01 -3.842977850816595264e+01 -2.435304896671084407e+00
7.889425691889297809e+01 -3.842977850816595264e+01 -4.353048966710844070e-01
7.989425691889297809e+01 -3.842977850816595264e+01 1.956469510332891559e+01
-1.710574308110702191e+01 -3.742977850816595264e+01 -7.243530489667108441e+01
5.289425691889297809e+01 -3.642977850816595264e+01 -4.943530489667108441e+01
8.089425691889297809e+01 -3.642977850816595264e+01 2.056469510332891559e+01
8.189425691889297809e+01 -3.442977850816595264e+01 2.056469510332891559e+01
3.789425691889297809e+01 -3.342977850816595264e+01 -7.243530489667108441e+01
3.889425691889297809e+01 -3.342977850816595264e+01 -7.143530489667108441e+01
8.089425691889297809e+01 -3.342977850816595264e+01 -2.435304896671084407e+00
3.389425691889297809e+01 -2.942977850816595264e+01 -7.543530489667108441e+01
3.889425691889297809e+01 -2.942977850816595264e+01 -7.143530489667108441e+01
8.689425691889297809e+01 -2.942977850816595264e+01 1.256469510332891559e+01
3.489425691889297809e+01 -2.842977850816595264e+01 -7.543530489667108441e+01
8.689425691889297809e+01 -2.842977850816595264e+01 1.156469510332891559e+01
-4.410574308110702191e+01 -2.642977850816595264e+01 -4.443530489667108441e+01
3.789425691889297809e+01 -2.642977850816595264e+01 -7.243530489667108441e+01
7.789425691889297809e+01 -2.642977850816595264e+01 -9.435304896671084407e+00
3.689425691889297809e+01 -2.442977850816595264e+01 -7.343530489667108441e+01
3.489425691889297809e+01 -2.342977850816595264e+01 -7.543530489667108441e+01
3.589425691889297809e+01 -2.342977850816595264e+01 -7.443530489667108441e+01
8.589425691889297809e+01 -2.242977850816595264e+01 2.056469510332891559e+01
8.689425691889297809e+01 -2.142977850816595264e+01 1.956469510332891559e+01
-5.410574308110702191e+01 -1.942977850816595264e+01 5.356469510332891559e+01
-5.310574308110702191e+01 -1.942977850816595264e+01 5.556469510332891559e+01
-1.105743081107021908e+00 -1.942977850816595264e+01 -7.543530489667108441e+01
-5.310574308110702191e+01 -1.742977850816595264e+01 5.756469510332891559e+01
-5.210574308110702191e+01 -1.742977850816595264e+01 5.856469510332891559e+01
-5.410574308110702191e+01 -1.542977850816595264e+01 5.656469510332891559e+01
-1.105743081107021908e+00 -1.542977850816595264e+01 -7.543530489667108441e+01
-5.510574308110702191e+01 -1.442977850816595264e+01 5.456469510332891559e+01
-1.057430811070219079e-01 -1.442977850816595264e+01 -7.543530489667108441e+01
-1.310574308110702191e+01 -9.429778508165952644e+00 8.256469510332891559e+01
5.589425691889297809e+01 -3.429778508165952644e+00 6.856469510332891559e+01
5.689425691889297809e+01 -3.429778508165952644e+00 6.756469510332891559e+01
5.489425691889297809e+01 -1.429778508165952644e+00 7.056469510332891559e+01
5.689425691889297809e+01 -1.429778508165952644e+00 6.856469510332891559e+01
5.489425691889297809e+01 -4.297785081659526440e-01 7.056469510332891559e+01
5.689425691889297809e+01 5.702214918340473560e-01 6.856469510332891559e+01
3.889425691889297809e+01 2.570221491834047356e+00 -6.443530489667108441e+01
-7.110574308110702191e+01 7.570221491834047356e+00 7.564695103328915593e+00
-7.110574308110702191e+01 7.570221491834047356e+00 8.564695103328915593e+00
-7.110574308110702191e+01 8.570221491834047356e+00 8.564695103328915593e+00
-5.410574308110702191e+01 1.657022149183404736e+01 6.956469510332891559e+01
-5.610574308110702191e+01 1.857022149183404736e+01 6.856469510332891559e+01
-5.610574308110702191e+01 1.957022149183404736e+01 6.856469510332891559e+01
-6.410574308110702191e+01 2.057022149183404736e+01 3.856469510332891559e+01
-7.410574308110702191e+01 2.157022149183404736e+01 -4.435304896671084407e+00
-3.410574308110702191e+01 2.357022149183404736e+01 8.156469510332891559e+01
-5.810574308110702191e+01 2.457022149183404736e+01 6.056469510332891559e+01
-4.210574308110702191e+01 2.457022149183404736e+01 8.156469510332891559e+01
-4.010574308110702191e+01 2.457022149183404736e+01 8.156469510332891559e+01
9.689425691889297809e+01 4.457022149183404736e+01 6.564695103328915593e+00
9.489425691889297809e+01 4.657022149183404736e+01 1.564695103328915593e+00
1.018942569188929781e+02 6.257022149183404736e+01 2.156469510332891559e+01
1.018942569188929781e+02 6.257022149183404736e+01 2.256469510332891559e+01
9.989425691889297809e+01 6.457022149183404736e+01 2.356469510332891559e+01
1.008942569188929781e+02 6.457022149183404736e+01 2.256469510332891559e+01
6.289425691889297809e+01 6.657022149183404736e+01 4.156469510332891559e+01
6.489425691889297809e+01 6.657022149183404736e+01 4.056469510332891559e+01
6.289425691889297809e+01 6.757022149183404736e+01 4.056469510332891559e+01
-6.010574308110702191e+01 6.957022149183404736e+01 -1.043530489667108441e+01
1.189425691889297809e+01 7.057022149183404736e+01 5.756469510332891559e+01
1.289425691889297809e+01 7.057022149183404736e+01 5.756469510332891559e+01
7.489425691889297809e+01 7.257022149183404736e+01 2.656469510332891559e+01
7.789425691889297809e+01 7.257022149183404736e+01 2.456469510332891559e+01
7.889425691889297809e+01 7.257022149183404736e+01 2.356469510332891559e+01
1.289425691889297809e+01 7.357022149183404736e+01 5.456469510332891559e+01
-4.610574308110702191e+01 7.857022149183404736e+01 -4.043530489667108441e+01
-3.410574308110702191e+01 8.257022149183404736e+01 -6.243530489667108441e+01
-5.210574308110702191e+01 8.457022149183404736e+01 -2.243530489667108441e+01
-5.210574308110702191e+01 8.557022149183404736e+01 -2.143530489667108441e+01
-3.610574308110702191e+01 8.757022149183404736e+01 3.056469510332891559e+01
-5.710574308110702191e+01 8.857022149183404736e+01 1.156469510332891559e+01
-5.710574308110702191e+01 8.857022149183404736e+01 1.256469510332891559e+01
-3.610574308110702191e+01 8.857022149183404736e+01 2.956469510332891559e+01
-3.310574308110702191e+01 8.857022149183404736e+01 3.156469510332891559e+01
1.989425691889297809e+01 8.857022149183404736e+01 -4.543530489667108441e+01
1.889425691889297809e+01 8.957022149183404736e+01 -4.543530489667108441e+01
-5.510574308110702191e+01 9.057022149183404736e+01 1.156469510332891559e+01
-5.510574308110702191e+01 9.057022149183404736e+01 1.256469510332891559e+01
-5.410574308110702191e+01 9.057022149183404736e+01 1.456469510332891559e+01
3.789425691889297809e+01 9.057022149183404736e+01 -3.443530489667108441e+01
3.889425691889297809e+01 9.057022149183404736e+01 -3.343530489667108441e+01
-5.310574308110702191e+01 9.157022149183404736e+01 1.256469510332891559e+01
3.489425691889297809e+01 9.257022149183404736e+01 -3.543530489667108441e+01
3.989425691889297809e+01 9.357022149183404736e+01 -3.043530489667108441e+01
2.589425691889297809e+01 9.457022149183404736e+01 -4.043530489667108441e+01
3.889425691889297809e+01 9.457022149183404736e+01 -3.043530489667108441e+01
4.089425691889297809e+01 9.557022149183404736e+01 -1.843530489667108441e+01
4.089425691889297809e+01 9.557022149183404736e+01 -1.743530489667108441e+01
-3.010574308110702191e+01 1.005702214918340474e+02 -4.443530489667108441e+01
-2.810574308110702191e+01 1.005702214918340474e+02 -4.643530489667108441e+01
-2.610574308110702191e+01 1.005702214918340474e+02 -4.643530489667108441e+01
-1.010574308110702191e+01 1.005702214918340474e+02 3.156469510332891559e+01
-9.105743081107021908e+00 1.005702214918340474e+02 3.156469510332891559e+01
8.942569188929780921e-01 1.005702214918340474e+02 -4.443530489667108441e+01
-2.910574308110702191e+01 1.015702214918340474e+02 -4.343530489667108441e+01
-2.810574308110702191e+01 1.015702214918340474e+02 -4.443530489667108441e+01
-1.310574308110702191e+01 1.105702214918340474e+02 -3.343530489667108441e+01
-1.310574308110702191e+01 1.105702214918340474e+02 -3.043530489667108441e+01
-1.210574308110702191e+01 1.105702214918340474e+02 -3.443530489667108441e+01
-1.110574308110702191e+01 1.105702214918340474e+02 -2.943530489667108441e+01
-6.105743081107021908e+00 1.105702214918340474e+02 -2.943530489667108441e+01
-4.105743081107021908e+00 1.105702214918340474e+02 -3.043530489667108441e+01
-2.105743081107021908e+00 1.105702214918340474e+02 -3.343530489667108441e+01
-2.105743081107021908e+00 1.105702214918340474e+02 -3.243530489667108441e+01
